-1.79954 0.47634 0.15402 -0.50882 -0.00794 0.56543 -0.72691 -2.16124 0.85731 1
-1.78504 0.46535 0.10824 -0.33047 -0.03417 0.88183 -0.70845 -2.28750 0.88658 1
-1.78941 0.54226 0.19980 -0.41964 0.06199 0.70103 -0.69000 -2.16124 0.71094 1
-1.10250 0.49831 0.93230 -1.08846 0.14941 0.97223 -0.91146 -1.15119 -0.48927 1
-1.75307 0.50930 0.47449 -0.17441 0.02703 1.04003 -0.61618 -2.16124 0.88658 1
-1.09822 0.49831 1.02387 -1.11076 0.09696 1.01743 -0.87455 -1.15119 -0.57709 1
-1.86199 0.65213 0.33714 -0.24129 0.07948 0.36203 -0.37626 -1.40370 1.06222 1
-1.75892 0.55325 0.33714 -0.24129 0.08822 1.06263 -0.61618 -1.99290 0.82803 1
-1.75307 0.57522 0.15402 -0.26359 0.07073 0.99483 -0.56081 -1.86664 0.74021 1
-1.48011 0.80594 0.38293 -0.53111 0.07948 0.74623 -1.00374 -1.69830 0.06693 1
-1.29999 0.79496 0.42871 -0.95470 -0.09536 0.83663 -1.35439 -1.57204 0.18402 1
-1.10250 0.52029 1.16121 -1.15534 0.21934 0.99483 -0.87455 -1.10910 -0.63563 1
-1.06188 0.61917 0.74918 -1.08846 0.15815 1.10783 -0.83764 -1.19328 -0.25508 1
-1.78941 0.66312 0.47449 -0.24129 0.12318 0.67843 -0.19170 -1.65621 1.26713 1
-1.10835 0.48733 1.02387 -1.13305 0.14941 0.99483 -0.94837 -1.19328 -0.57709 1
-1.81115 0.60818 0.42871 -0.26359 0.07073 0.56543 -0.32089 -1.69830 1.12077 1
-1.67611 0.78397 0.06246 -0.06294 0.03577 0.92703 -0.48699 -1.90873 0.06693 1
-1.62964 0.75101 0.10824 -0.04065 0.05325 0.92703 -0.46853 -1.78247 0.41821 1
-1.50046 0.83890 0.33714 -0.64258 0.06199 0.85923 -1.09602 -1.61413 0.06693 1
-1.10250 0.52029 0.74918 -0.95470 0.12318 0.99483 -0.87455 -1.23536 -0.75273 1
-1.06188 0.50930 0.97808 -1.02158 0.11444 0.99483 -0.76382 -1.06702 -0.34290 1
-1.14896 0.82792 0.93230 -0.73176 0.20186 1.08523 -0.80073 -1.02493 0.18402 1
-1.06188 0.60818 0.65761 -1.13305 0.15815 1.04003 -0.78227 -1.19328 -0.25508 1
-1.05603 0.66312 1.25277 -0.84323 0.21934 1.04003 -0.63463 -0.81451 -0.60636 1
-1.75307 0.55325 -0.12067 -0.33047 -0.03417 0.90443 -0.72691 -2.32958 0.85731 1
-1.31458 0.79496 0.56605 -0.82093 -0.05165 0.88183 -1.31748 -1.52996 0.24257 1
-1.06764 0.65213 1.25277 -0.93240 0.21934 1.06263 -0.70845 -0.77242 -0.54781 1
-1.11848 0.79496 1.02387 -0.70946 0.23682 1.15303 -0.80073 -0.94076 0.30111 1
-1.12434 0.71805 0.84074 -0.82093 0.23682 1.13043 -0.72691 -1.15119 0.24257 1
-1.08800 0.48733 1.29855 -1.13305 0.07948 1.04003 -0.69000 -0.98285 -0.45999 1
-1.06764 0.68509 1.25277 -0.95470 0.14067 1.06263 -0.80073 -0.81451 -0.48927 1
-1.14469 0.86088 1.11543 -0.46423 0.26305 1.17563 -0.72691 -0.77242 0.44748 1
-1.06188 0.72904 0.88652 -0.73176 0.28053 1.22083 -0.65309 -0.81451 0.30111 1
-1.61366 0.86088 0.15402 0.07082 0.16689 1.06263 -0.48699 -1.69830 0.76949 1
-1.06764 0.79496 1.39012 -0.26359 0.25431 1.33383 -0.78227 -0.73034 1.03295 1
-1.43940 0.92680 0.42871 -0.62029 0.04451 0.90443 -1.15138 -1.61413 0.12547 1
-1.08800 0.81693 1.48168 -0.21900 0.23682 1.13043 -0.81918 -0.77242 0.76949 1
-1.63550 0.83890 0.10824 0.02624 0.10570 1.06263 -0.48699 -1.65621 0.41821 1
-1.56719 0.75101 0.15402 0.33835 0.09696 1.04003 -0.26552 -1.74039 0.71094 1
-1.13883 0.81693 1.25277 -0.48652 0.27179 1.24343 -0.74536 -0.73034 0.50603 1
-0.94859 0.79496 1.11543 -0.77635 0.34172 1.26603 -0.46853 -0.56199 0.76949 1
-1.52658 0.84989 0.52027 -0.48652 0.19312 0.74623 -0.74536 -1.74039 -0.28435 1
-1.12434 0.87186 1.25277 -0.37505 0.29802 1.17563 -0.59772 -0.60408 0.59385 1
-1.02554 0.78397 1.25277 -0.73176 0.36795 1.28863 -0.61618 -0.47782 0.68167 1
-0.96309 0.61917 1.20699 -0.84323 0.26305 1.10783 -0.32089 -1.10910 -0.16726 1
-0.94283 0.75101 0.97808 -0.70946 0.29802 1.24343 -0.46853 -0.81451 0.33039 1
-1.02554 0.68509 1.02387 -0.79864 0.28053 1.15303 -0.39471 -0.85659 0.09620 1
-1.70660 0.54226 -0.02911 0.11541 0.02703 1.01743 -0.61618 -2.16124 1.06222 1
-0.98930 0.59720 1.16121 -0.84323 0.26305 1.06263 -0.02560 -0.77242 -0.19653 1
-1.24776 0.81693 0.47449 -0.41964 -0.07787 0.94963 -1.28057 -1.31953 0.65239 1
-1.25352 0.78397 0.47449 -0.53111 -0.08662 0.88183 -1.11447 -1.31953 0.56457 1
-1.23177 0.82792 0.70340 -0.66488 0.00080 0.94963 -0.96683 -1.19328 0.53530 1
-0.94283 0.78397 0.93230 -0.77635 0.33298 1.26603 -0.43162 -0.81451 0.47675 1
-1.08800 0.77298 1.39012 -0.26359 0.26305 1.04003 -0.78227 -0.81451 0.41821 1
-1.08223 0.82792 1.43590 -0.30817 0.28927 1.46943 -0.69000 -0.73034 1.06222 1
-1.51059 1.00371 0.70340 -0.39735 0.21060 0.99483 -0.54235 -1.74039 -0.16726 1
-1.12434 0.77298 1.06965 -0.24129 0.21934 0.88183 -0.74536 -0.98285 0.76949 1
-0.95296 0.75101 1.02387 -0.64258 0.28927 1.22083 -0.57927 -0.81451 0.27184 1
-1.63550 0.72904 0.06246 0.29376 0.18437 1.44683 -0.45008 -1.82456 1.17931 1
-1.65000 0.79496 0.93230 -0.48652 0.21060 0.65583 -0.72691 -1.74039 0.00838 1
-1.51645 0.98173 0.70340 -0.30817 0.14067 0.81403 -0.59772 -1.52996 -0.45999 1
-1.46998 0.91581 0.61183 -0.50882 0.14941 0.81403 -0.67154 -1.69830 0.00838 1
-1.13883 0.84989 1.34434 -0.37505 0.18437 0.83663 -0.81918 -0.85659 0.88658 1
-0.98493 0.64114 1.16121 -0.84323 0.30676 1.10783 -0.15479 -0.73034 -0.07944 1
-1.00528 0.58621 1.16121 -0.88782 0.27179 1.17563 -0.08097 -0.64617 -0.13799 1
-1.00956 0.55325 0.56605 -0.66488 1.05854 1.55983 -0.35780 -1.48787 -0.69418 1
-1.62528 0.81693 0.19980 0.13771 0.19312 1.44683 -0.63463 -1.69830 1.09149 1
-1.62528 0.75101 1.61902 -0.06294 0.12318 0.99483 -0.70845 -1.15119 1.00367 1
-1.50622 1.00371 0.65761 -0.28588 0.22808 0.85923 -0.57927 -1.57204 -0.25508 1
-1.09822 0.79496 1.11543 -0.10753 0.22808 1.04003 -0.69000 -0.73034 1.12077 1
-1.09237 0.77298 1.29855 -0.39735 0.24557 1.08523 -0.74536 -0.68825 0.50603 1
-0.99943 0.64114 0.74918 -0.53111 1.09350 1.55983 -0.32089 -1.23536 -0.72345 1
-1.61366 0.76200 0.06246 0.20459 0.17563 1.44683 -0.54235 -1.78247 1.12077 1
-0.96894 0.52029 0.52027 -0.70946 1.09350 1.51463 -0.28398 -1.36162 -0.60636 1
-1.54693 0.77298 0.10824 0.13771 0.09696 0.83663 -0.13634 -1.65621 0.74021 1
-1.66598 0.83890 1.11543 -0.46423 0.21934 0.65583 -0.63463 -1.74039 0.00838 1
-1.24776 0.77298 0.38293 -0.62029 -0.03417 0.85923 -1.02219 -1.27745 0.59385 1
-1.25789 0.88285 0.74918 -0.44194 0.04451 1.01743 -0.87455 -1.27745 0.82803 1
-1.13883 0.80594 1.48168 -0.19670 0.22808 0.85923 -0.70845 -0.68825 1.12077 1
-1.54256 0.95976 0.84074 -0.50882 0.21060 0.83663 -0.57927 -1.69830 -0.22581 1
-1.21727 0.92680 0.70340 -0.30817 0.07073 0.94963 -0.87455 -1.10910 0.71094 1
-1.28410 0.97075 0.74918 -0.06294 0.13192 0.99483 -0.74536 -1.06702 0.85731 1
-0.98930 0.56423 0.84074 -0.79864 0.38543 1.13043 -0.17325 -0.56199 0.00838 1
-1.58903 0.87186 0.24558 0.29376 0.16689 1.08523 -0.13634 -1.69830 1.03295 1
-0.96894 0.55325 0.70340 -0.68717 1.06728 1.58243 -0.22861 -1.15119 -0.43072 1
-1.65000 0.83890 1.16121 -0.48652 0.23682 0.70103 -0.65309 -1.74039 0.12547 1
-1.25789 0.99272 0.88652 -0.04065 0.13192 0.94963 -0.70845 -0.77242 1.00367 1
-0.97907 0.63016 0.74918 -0.50882 1.09350 1.60503 -0.39471 -1.48787 -0.81127 1
-1.56719 0.92680 0.19980 0.24918 0.16689 1.10783 -0.28398 -1.48787 1.03295 1
-1.58318 0.92680 1.06965 -0.33047 0.23682 0.81403 -0.61618 -1.44579 -0.05017 1
-1.20705 0.92680 1.34434 -0.19670 0.14067 0.92703 -0.89301 -0.68825 0.94513 1
-1.03577 0.59720 1.06965 -0.86552 0.35047 1.13043 -0.19170 -0.64617 -0.07944 1
-0.96309 0.54226 0.79496 -0.82093 1.04105 1.40163 -0.21016 -1.31953 -0.69418 1
-1.57304 0.89384 1.93949 0.09312 0.23682 1.33383 -0.74536 -1.19328 1.06222 1
-1.53234 0.94877 1.02387 -0.48652 0.22808 0.74623 -0.63463 -1.52996 -0.28435 1
-1.53234 0.99272 0.88652 -0.37505 0.22808 0.88183 -0.54235 -1.69830 -0.05017 1
-0.95296 0.54226 0.61183 -0.70946 1.04105 1.55983 -0.19170 -1.23536 -0.57709 1
-1.60353 0.82792 1.71059 -0.24129 0.04451 1.06263 -0.65309 -1.15119 1.35495 1
-1.56291 0.80594 0.42871 0.16000 0.15815 1.06263 -0.39471 -1.52996 1.38423 1
-0.97470 0.55325 1.11543 -0.68717 0.42914 1.10783 -0.19170 -0.51991 0.00838 1
-0.95296 0.55325 1.02387 -0.62029 0.48159 1.10783 -0.15479 -0.47782 0.00838 1
-1.00956 0.54226 0.65761 -0.66488 1.01483 1.46943 -0.21016 -1.23536 -0.57709 1
-1.48011 1.11357 0.97808 -0.28588 0.23682 0.92703 -0.43162 -1.65621 0.03765 1
-1.18094 0.99272 0.93230 -0.06294 0.18437 1.10783 -0.61618 -0.73034 0.74021 1
-1.13447 0.94877 1.57324 -0.04065 0.21934 0.97223 -0.80073 -0.60408 1.06222 1
-1.56291 0.79496 0.19980 0.09312 0.07948 1.10783 -0.52390 -1.44579 1.35495 1
-1.23763 0.92680 0.65761 -0.44194 0.02703 0.99483 -0.87455 -1.19328 0.85731 1
-0.87600 0.57522 1.06965 -0.44194 0.61271 1.22083 0.12204 -0.35157 0.09620 1
-0.91662 0.71805 0.97808 -0.35276 1.18092 1.94403 -0.09943 -1.06702 -0.40145 1
-0.93260 0.54226 0.88652 -0.64258 1.05854 1.55983 -0.19170 -1.15119 -0.66491 1
-0.93260 0.53127 0.74918 -0.95470 1.10224 0.88183 0.04822 -0.85659 -0.31363 1
-1.56719 0.88285 0.29136 0.18229 0.20186 1.15303 -0.28398 -1.48787 1.23786 1
-1.58318 0.95976 1.43590 0.16000 0.10570 1.01743 -0.45008 -1.23536 1.44277 1
-1.59340 0.97075 1.93949 0.00394 0.05325 1.04003 -0.63463 -1.06702 1.23786 1
-0.87600 0.54226 0.93230 -0.59799 1.18966 1.40163 -0.06252 -0.85659 -0.51854 1
-0.93260 0.56423 0.74918 -0.97699 1.09350 0.90443 0.04822 -0.94076 -0.48927 1
-0.97907 0.57522 0.70340 -0.91011 1.09350 0.83663 0.01131 -0.77242 -0.54781 1
-1.57881 0.94877 1.16121 -0.44194 0.27179 0.76883 -0.65309 -1.48787 -0.16726 1
-0.89636 0.53127 1.06965 -0.57570 0.56901 1.22083 -0.04406 -0.51991 0.03765 1
-0.97470 0.53127 0.65761 -0.68717 1.01483 1.51463 0.12204 -1.15119 -0.48927 1
-1.05603 0.60818 0.29136 -0.99929 0.97986 0.24903 -0.33935 -0.73034 -0.66491 2
-1.06188 0.58621 0.33714 -1.02158 1.00609 0.65583 -0.57927 -0.47782 -0.63563 2
-1.54256 0.79496 0.15402 0.18229 0.14941 0.90443 -0.02560 -1.48787 0.94513 2
-1.56291 0.72904 0.24558 0.07082 0.17563 0.61063 -0.15479 -1.65621 1.23786 2
-1.62528 0.78397 0.29136 0.27147 0.14067 0.97223 -0.06252 -1.74039 0.82803 2
-0.97907 0.58621 0.65761 -0.93240 1.11099 0.85923 0.04822 -0.73034 -0.63563 2
-0.98493 0.61917 0.56605 -0.99929 1.10224 0.74623 -0.04406 -0.81451 -0.37217 2
-1.54256 0.72904 0.19980 0.18229 0.16689 0.63323 -0.17325 -1.74039 1.15004 2
-1.58318 0.77298 0.33714 0.24918 0.16689 0.92703 -0.00715 -1.65621 1.12077 2
-0.86002 0.59720 1.34434 -0.57570 0.84874 1.58243 0.34350 -0.47782 0.33039 2
-0.90212 0.71805 0.97808 -0.35276 1.18092 1.98923 -0.15479 -1.15119 -0.34290 2
-1.08223 0.59720 0.29136 -1.04387 0.98860 0.27163 -0.26552 -0.89868 -0.75273 2
-1.60938 1.06963 1.52746 0.33835 0.20186 1.10783 -0.28398 -1.06702 1.47205 2
-0.88177 0.77298 1.34434 -0.39735 1.19840 1.96663 -0.04406 -0.81451 -0.28435 2
-0.89636 0.60818 0.93230 -0.62029 1.19840 1.35643 0.01131 -0.77242 -0.34290 2
-0.91662 0.54226 0.88652 -0.84323 1.15469 1.19823 0.14049 -0.73034 -0.28435 2
-0.96309 0.56423 0.79496 -0.97699 1.11973 0.79143 0.04822 -0.89868 -0.51854 2
-1.10835 0.57522 0.24558 -0.99929 0.97112 0.29423 -0.11788 -0.77242 -0.60636 2
-1.54693 0.86088 0.42871 0.04853 0.08822 1.06263 -0.46853 -1.31953 1.50132 2
-1.51059 0.88285 0.70340 0.04853 0.10570 1.01743 -0.48699 -1.19328 1.53059 2
-0.86587 0.59720 1.34434 -0.48652 0.86622 1.58243 0.32505 -0.47782 0.38893 2
-1.05603 0.55325 0.33714 -0.95470 0.99735 0.38463 -0.39471 -0.56199 -0.69418 2
-1.56719 0.92680 1.89371 -0.01835 0.31550 1.26603 -0.41317 -1.15119 0.91585 2
-0.83966 0.59720 1.29855 -0.46423 0.86622 1.58243 0.23277 -0.60408 0.38893 2
-0.89199 0.76200 1.39012 -0.44194 1.20714 1.87623 -0.02560 -0.89868 -0.45999 2
-0.99943 0.61917 0.61183 -0.95470 1.07602 0.79143 -0.08097 -0.81451 -0.10871 2
-1.05175 0.60818 0.52027 -0.91011 1.11099 0.70103 -0.46853 -0.43574 -0.45999 2
-1.56719 1.01469 1.80215 0.07082 0.28053 1.19823 -0.67154 -1.02493 1.03295 2
-0.99943 0.60818 0.52027 -0.88782 1.05854 0.56543 -0.13634 -0.60408 -0.19653 2
-1.02117 0.59720 0.38293 -0.86552 1.00609 0.65583 -0.54235 -0.51991 -0.60636 2
-0.87015 0.58621 1.29855 -0.59799 0.77880 1.35643 0.14049 -0.43574 0.50603 2
-1.04590 0.70706 0.42871 -0.79864 1.17218 0.74623 -0.54235 -0.81451 -0.28435 2
-1.04153 0.65213 0.47449 -0.86552 1.25959 0.76883 -0.63463 -0.64617 -0.40145 2
-0.87600 0.56423 1.48168 -0.57570 0.79629 1.33383 0.23277 -0.47782 0.53530 2
-0.99943 0.65213 0.42871 -0.88782 1.33827 0.45243 -0.52390 -0.56199 -0.57709 2
-1.56719 0.95976 1.75637 -0.01835 0.34172 1.06263 -0.30243 -1.10910 0.91585 2
-0.79905 0.67410 1.48168 -0.41964 0.91867 1.62763 0.38041 -0.26740 0.53530 2
-0.78306 0.64114 1.29855 -0.55341 1.01483 1.55983 0.17740 -0.77242 0.18402 2
-0.84989 0.78397 1.43590 -0.21900 1.04105 1.67283 0.26968 -0.77242 -0.05017 2
-0.84552 0.83890 1.66481 -0.17441 1.08476 1.85363 0.19586 -0.51991 -0.05017 2
-0.84552 0.90483 1.80215 -0.17441 1.14595 1.96663 0.14049 -0.43574 0.15475 2
-0.80918 0.59720 1.52746 -0.46423 0.91867 1.53723 0.45423 -0.22531 0.79876 2
-0.89199 0.90483 1.57324 -0.30817 1.22463 2.01183 0.21432 -0.56199 0.00838 2
-1.52072 0.97075 0.88652 0.22688 0.13192 1.04003 -0.37626 -1.10910 1.70623 2
-0.98930 0.64114 0.47449 -0.95470 1.40820 0.40723 -0.50544 -0.47782 -0.40145 2
0.15794 -1.77595 -1.35677 -1.37828 -1.04819 -1.49117 -0.59772 0.36388 -1.68947 2
-0.75695 0.82792 1.39012 -0.24129 1.18966 1.65023 0.38041 -0.26740 0.41821 2
-1.48011 1.15752 2.30575 0.49441 0.20186 1.24343 -0.15479 -1.10910 2.05751 2
-1.56719 1.21246 1.80215 0.42753 0.19312 1.31123 -0.19170 -0.81451 1.58914 2
-0.73660 0.68509 1.29855 -0.35276 1.15469 1.62763 0.47269 -0.35157 0.35966 2
-0.77721 0.78397 1.34434 -0.41964 1.18966 1.58243 0.32505 -0.51991 0.18402 2
-0.80342 0.76200 1.29855 -0.28588 1.12847 1.60503 0.34350 -0.56199 0.21329 2
0.47161 -1.86384 -1.58568 -1.04387 -0.79469 -1.49117 -0.92992 0.15346 -2.18712 2
-0.99506 0.64114 0.47449 -0.88782 1.51310 0.38463 -0.56081 -0.51991 -0.34290 2
0.34382 -1.78694 -1.49411 -1.42287 -1.00449 -1.55898 -0.43162 0.36388 -1.71875 2
-0.99943 0.55325 0.47449 -0.59799 1.81032 0.61063 -0.59772 -0.77242 0.15475 2
-0.96894 0.56423 0.52027 -0.35276 1.95018 0.58803 -0.28398 -0.43574 0.24257 2
-0.96309 0.56423 0.65761 -0.48652 1.85402 0.70103 -0.65309 -0.68825 0.06693 2
-0.81940 0.86088 1.16121 0.00394 2.09005 0.61063 -0.67154 -0.60408 -0.16726 2
0.59940 -2.05062 0.56605 -0.10753 -2.20209 -1.21997 -0.28398 0.15346 -2.04075 2
0.75043 -0.41359 -0.94474 2.47857 -0.68979 -0.20297 1.59847 1.37393 -1.04546 2
0.59940 -0.19385 -0.16645 1.92122 -0.44502 0.22643 1.34009 1.20559 -0.40145 2
-0.83530 0.59720 0.74918 -0.19670 1.95018 0.79143 -0.39471 -0.39365 0.18402 2
-0.90212 0.60818 0.70340 -0.35276 1.93270 0.76883 -0.57927 -0.43574 0.12547 2
0.27411 -1.74299 -1.21942 -1.31140 -0.99574 -1.51377 -0.61618 0.40597 -1.60165 2
0.49484 -1.90779 -1.35677 -1.35599 -0.90833 -1.35557 -0.56081 0.57431 -1.51383 2
0.82013 -0.38063 -0.99052 2.05499 -0.78595 -0.24817 1.72765 1.28976 -0.98691 2
0.69234 0.02588 -0.21223 2.09958 -0.67230 1.08523 2.41050 0.78474 -0.40145 2
0.77366 -0.38063 -1.03630 2.14416 -0.70727 -0.27077 1.67229 1.37393 -0.95764 2
0.82013 -0.41359 -0.71583 2.47857 -0.66356 -0.24817 1.69074 1.24768 -1.01619 2
-0.92247 0.52029 0.42871 -0.55341 1.66171 0.36203 -0.06252 -0.56199 -0.05017 2
-0.90649 0.64114 0.56605 -0.55341 1.78409 0.45243 0.12204 -0.43574 0.06693 2
-0.94283 0.58621 0.47449 -0.41964 1.94144 0.65583 -0.48699 -0.64617 0.24257 2
0.75043 -1.79792 -0.44114 -1.28911 -0.85588 -1.64938 -0.28398 0.65848 -2.53840 2
0.47161 -1.87483 -0.30380 -0.59799 -1.19680 -1.26517 -0.41317 0.99516 -2.33349 2
0.80851 -0.44655 -1.08208 2.16646 -0.79469 -0.24817 1.52465 1.16351 -1.13328 2
0.66910 -0.17188 -0.34958 1.96581 -0.36635 0.36203 1.37700 1.20559 -0.48927 2
-0.90212 0.61917 0.65761 -0.59799 1.81032 0.58803 0.04822 -0.39365 0.03765 2
-0.89636 0.66312 0.52027 -0.30817 1.96766 0.70103 0.08513 -0.14114 0.38893 2
-0.94859 0.50930 0.47449 -0.26359 1.97641 0.49763 -0.33935 -0.43574 0.18402 2
-0.94283 0.58621 0.47449 -0.41964 1.92396 0.61063 -0.43162 -0.56199 0.21329 2
-0.75695 0.88285 1.11543 0.00394 2.05508 0.47503 -0.56081 -0.77242 -0.10871 2
0.58778 -1.84187 -1.44833 -1.24452 -0.95204 -1.40077 -0.70845 0.57431 -1.39674 2
-0.95881 0.57522 0.52027 -0.28588 2.01137 0.58803 -0.32089 -0.43574 0.15475 2
0.79690 -1.87483 -0.62427 -0.62029 -0.69853 -1.46857 -0.02560 0.53223 -2.18712 2
0.66910 -2.02865 0.56605 -0.21900 -2.22831 -1.28777 -0.43162 0.27971 -1.92366 2
0.76204 -0.44655 -1.08208 1.96581 -0.81217 -0.33857 1.50619 1.03725 -1.10401 2
0.75043 -0.10596 -0.25801 1.96581 -0.57615 0.24903 1.34009 1.45810 -0.43072 2
-0.92824 0.58621 0.47449 -0.21900 2.05508 0.72363 -0.33935 -0.35157 0.33039 2
-0.82368 0.59720 1.06965 -0.26359 2.03760 0.92703 -0.19170 -0.14114 0.27184 2
-0.74236 0.84989 1.20699 -0.06294 2.11627 0.54283 -0.54235 -0.81451 -0.05017 2
0.61102 -1.85286 -1.49411 -1.08846 -0.83839 -1.49117 -0.87455 0.11137 -1.92366 2
0.69234 -2.00667 0.42871 0.02624 -2.21957 -1.03917 -0.13634 0.40597 -1.95293 2
0.72719 -0.18287 -0.30380 1.87664 -0.73350 0.22643 1.37700 1.54227 -0.48927 2
0.22765 -1.58917 -1.08208 -1.22223 -1.05694 -1.49117 -1.09602 0.40597 -1.66020 2
0.43676 -1.84187 -0.39536 -0.62029 -0.76846 -1.37817 -0.54235 0.99516 -2.15785 2
0.58778 -1.80891 -0.30380 -0.44194 -1.22303 -1.28777 -0.17325 1.20559 -2.36276 2
0.80851 -0.78714 -0.99052 1.72058 -0.75098 0.56543 1.11863 1.45810 -1.10401 2
0.82013 -0.42458 -1.08208 1.89893 -0.80343 -0.36117 1.61692 0.99516 -0.98691 2
0.73881 0.24562 0.10824 2.36710 -0.37509 1.15303 2.44741 0.74265 -0.34290 2
1.18027 0.42141 0.47449 1.40846 0.07948 0.06823 1.30318 1.07934 -0.43072 2
-0.89636 0.60818 0.52027 -0.64258 1.82780 0.65583 0.08513 -0.43574 0.09620 2
-0.94283 0.54226 0.47449 -0.37505 1.95892 0.52023 -0.11788 -0.43574 0.18402 2
0.69234 -1.83088 -0.76161 -1.19993 -0.66356 -1.69458 -0.09943 0.61640 -2.91895 2
0.86660 -0.76517 -0.94474 2.03269 -0.95204 0.74623 1.48774 1.50019 -1.13328 2
0.84336 -0.34767 -0.80739 1.96581 -0.84714 -0.24817 1.50619 1.03725 -0.98691 2
-0.91234 0.60818 0.47449 -0.48652 1.75787 0.42983 -0.02560 -0.56199 -0.02089 2
-0.82368 0.60818 0.97808 -0.26359 2.02011 0.90443 -0.30243 -0.35157 0.24257 2
-0.75695 0.79496 1.06965 0.02624 2.12501 0.79143 -0.39471 -0.47782 0.15475 2
0.47161 -1.80891 -1.31099 -1.26681 -0.93455 -1.31037 -0.56081 0.70057 -1.60165 2
0.83175 -1.80891 -0.62427 -0.79864 -0.66356 -1.44597 -0.13634 0.53223 -2.18712 2
0.55293 -1.81990 -0.30380 -0.57570 -0.89084 -1.33297 -0.39471 1.07934 -2.33349 2
0.71557 -0.20484 -0.44114 1.83205 -0.75972 0.15863 1.32164 1.20559 -0.66491 2
-0.91234 0.61917 0.42871 -0.57570 1.90647 0.67843 0.06667 -0.26740 0.21329 2
-0.76271 0.79496 1.11543 0.07082 2.09005 0.88183 -0.39471 -0.39365 0.21329 2
0.62264 -1.84187 -0.48692 -0.50882 -0.80343 -1.26517 -0.43162 0.95308 -2.30421 2
0.56455 -1.88582 0.24558 -0.37505 -2.07096 -1.15217 -0.48699 0.49014 -1.89439 2
1.00601 -1.31450 0.52027 0.96258 -1.79997 -0.72277 0.84180 1.58436 -1.33819 2
0.62264 -0.14991 -0.39536 1.98811 -0.47999 0.11343 1.39546 1.50019 -0.45999 2
1.19189 0.21266 0.33714 0.98488 0.26305 -0.15777 1.02635 1.07934 -0.81127 2
0.63425 -1.76496 -1.03630 -1.35599 -0.84714 -1.67198 -0.32089 0.53223 -2.71404 3
0.88983 -0.62234 -1.08208 1.76517 -0.73350 0.52023 1.24782 1.54227 -1.07473 3
0.84336 -0.39162 -0.67005 1.78746 -0.84714 -0.11257 1.56156 1.12142 -0.98691 3
1.12218 -0.24879 0.15402 1.14093 -0.47125 0.49763 1.52465 1.16351 -0.48927 3
-0.91662 0.66312 0.56605 -0.17441 2.12501 0.65583 0.06667 -0.35157 0.12547 3
0.58778 -1.83088 -0.48692 -0.59799 -0.80343 -1.33297 -0.54235 0.95308 -2.24567 3
0.85498 -0.34767 -0.48692 1.98811 -0.82091 -0.22557 1.54310 0.86891 -1.01619 3
0.91307 -0.44655 -0.34958 1.94352 -0.54992 0.38463 1.54310 1.03725 -0.60636 3
0.72719 -0.12793 -0.30380 2.01040 -0.52370 0.22643 1.37700 1.50019 -0.51854 3
0.70396 -0.02905 0.29136 1.83205 -0.47999 0.88183 2.02294 1.41602 0.03765 3
0.80851 -0.43556 -0.34958 1.58681 -0.88210 -0.13517 1.58001 1.16351 -0.84055 3
0.83175 -0.20484 -0.44114 2.05499 -0.68979 0.29423 1.45082 1.28976 -0.40145 3
1.20350 0.48733 0.38293 1.27470 -0.09536 0.11343 1.37700 1.12142 -0.51854 3
-0.70611 0.90483 1.20699 0.02624 2.16872 0.61063 -0.30243 -0.35157 0.06693 3
0.59940 -1.69904 -1.31099 -1.08846 -0.68979 -1.40077 -0.72691 0.61640 -1.74802 3
1.04086 -1.44635 0.42871 1.16323 -1.73878 -0.72277 0.82334 1.54227 -1.30892 3
0.83175 -1.39141 0.24558 1.31929 -1.65137 -0.76797 0.56497 1.58436 -1.16255 3
0.94792 -0.38063 -0.76161 2.12187 -0.77720 -0.29337 1.69074 1.28976 -0.98691 3
0.84336 -0.43556 -0.89895 1.89893 -0.75098 -0.24817 1.61692 1.16351 -1.07473 3
1.00601 -0.23780 -0.39536 1.98811 -0.66356 0.20383 1.41391 1.28976 -0.63563 3
0.65749 -0.16089 -0.44114 1.98811 -0.49747 0.11343 1.28473 1.41602 -0.57709 3
1.11056 -0.24879 0.10824 1.18552 -0.42754 0.04563 1.43237 1.28976 -0.43072 3
-0.93260 0.59720 0.47449 -0.21900 2.03760 0.61063 0.01131 -0.51991 0.30111 3
0.84336 -0.78714 -0.89895 1.83205 -1.17058 0.85923 1.56156 1.45810 -1.07473 3
0.90145 -0.61135 -1.31099 1.72058 -0.95204 -0.20297 1.22936 1.37393 -1.19183 3
0.92469 -0.47951 -0.53270 1.98811 -0.49747 0.52023 1.50619 1.03725 -0.66491 3
1.09895 -0.27076 0.42871 1.31929 -0.22648 -0.20297 1.04481 1.12142 -0.43072 3
1.14542 0.14674 0.38293 1.27470 -0.12158 -0.02217 1.22936 1.16351 -0.45999 3
0.73881 -0.58938 -1.03630 1.63140 -0.91707 -0.02217 1.37700 1.41602 -1.16255 3
0.93630 -0.41359 -0.48692 1.96581 -0.58489 0.42983 1.63538 1.16351 -0.63563 3
0.94792 -0.44655 -0.30380 1.96581 -0.48873 0.52023 1.50619 1.03725 -0.57709 3
0.98277 -0.34767 -0.39536 1.98811 -0.54992 0.24903 1.52465 1.28976 -0.75273 3
0.71557 -0.01806 -0.25801 2.07728 -0.16529 0.54283 1.96757 1.20559 -0.05017 3
0.62264 -1.66608 -0.12067 -0.37505 -1.54647 -1.17477 -0.59772 0.74265 -2.04075 3
1.02924 -0.43556 -0.34958 2.07728 -0.43628 0.31683 1.81993 1.03725 -0.54781 3
1.07571 -0.34767 -0.34958 1.98811 -0.49747 0.29423 1.69074 1.20559 -0.75273 3
0.79690 -0.01806 0.29136 2.01040 -0.49747 0.94963 1.81993 1.24768 0.06693 3
0.75043 0.01490 0.38293 2.07728 -0.52370 0.88183 2.05985 1.20559 0.18402 3
0.77366 0.02588 0.10824 2.23334 -0.84714 0.88183 2.33668 0.95308 -0.22581 3
0.75043 -1.89680 -1.58568 -1.13305 -0.78595 -1.58158 -0.85610 0.06929 -2.09930 3
0.91307 -0.56740 -1.08208 2.05499 -0.98700 -0.06737 1.41391 1.54227 -1.07473 3
0.72719 -0.55642 -0.94474 1.54223 -0.84714 0.06823 1.26627 1.33185 -1.07473 3
1.12218 -0.28175 0.38293 1.38617 -0.15655 -0.29337 1.37700 0.91099 -0.45999 3
-0.56085 0.98173 0.93230 0.07082 2.24740 0.61063 -0.48699 -0.47782 0.18402 3
0.77366 0.02588 0.47449 2.05499 -0.61985 0.88183 2.02294 1.20559 -0.02089 3
0.71557 -1.65510 -0.80739 -1.35599 -0.75972 -1.37817 -1.02219 0.65848 -1.22110 3
-0.66401 0.81693 0.79496 -0.06294 2.15998 0.61063 -0.43162 -0.64617 0.12547 3
-0.66401 0.88285 0.74918 -0.04065 2.12501 0.72363 -0.41317 -0.56199 -0.02089 3
-0.57107 0.97075 0.97808 0.04853 2.17746 0.65583 -0.45008 -0.43574 0.24257 3
1.06409 -0.45754 -0.34958 2.03269 -0.46251 0.38463 1.76457 1.20559 -0.69418 3
0.88983 0.05884 0.33714 2.16646 -0.71601 0.94963 2.22595 0.99516 -0.22581 3
-0.73074 0.90483 1.16121 -0.01835 2.15124 0.63323 -0.24707 -0.43574 0.21329 3
-0.69013 0.87186 0.97808 -0.12982 2.16872 0.56543 -0.24707 -0.43574 0.21329 3
-0.62767 0.97075 0.97808 -0.04065 2.21243 0.65583 -0.45008 -0.47782 0.12547 3
0.55293 -1.63312 -1.17364 -1.22223 -0.93455 -1.44597 -1.11447 0.57431 -1.39674 3
0.51808 -1.62213 -1.31099 -1.28911 -0.85588 -1.35557 -0.57927 0.70057 -1.39674 3
0.79690 -0.92997 -1.03630 1.83205 -1.22303 0.70103 1.67229 1.50019 -0.86982 3
0.71557 -0.01806 -0.25801 2.12187 -0.15655 0.63323 2.00449 1.33185 -0.22581 3
-0.65379 0.83890 0.93230 -0.06294 2.15124 0.63323 -0.41317 -0.51991 0.15475 3
0.65749 -1.80891 -0.34958 -0.55341 -1.30170 -1.24257 -0.33935 1.20559 -2.59695 3
0.77366 -1.65510 0.56605 -0.15212 -1.39786 -0.88097 -0.13634 1.45810 -1.33819 3
0.78528 0.09180 0.38293 2.18875 -0.26145 1.01743 2.07831 1.28976 0.33039 3
-0.63780 0.92680 0.84074 -0.04065 2.13376 0.79143 -0.43162 -0.60408 0.03765 3
0.68072 -1.66608 -0.80739 -1.42287 -0.76846 -1.40077 -0.98528 0.70057 -1.22110 3
0.66910 -1.74299 0.65761 -0.10753 -1.19680 -1.01657 -0.57927 0.99516 -2.15785 3
0.86660 -1.32549 0.29136 1.31929 -1.66011 -0.56457 0.63879 1.41602 -1.27965 3
1.34291 -0.14991 0.10824 1.54223 -0.07787 0.52023 1.56156 1.12142 -0.13799 3
0.42514 -1.50128 -1.26521 -1.91334 -1.37163 -1.40077 -1.22520 -0.60408 -1.83584 3
0.97116 -0.36964 -0.39536 2.45628 -0.45376 0.18123 2.13367 1.50019 -0.22581 3
0.76204 -1.63312 -0.99052 -1.35599 -0.62860 -1.33297 -0.91146 0.53223 -1.22110 3
0.93630 -1.65510 -0.34958 0.76194 -1.11813 0.15863 0.65724 1.37393 -0.43072 3
0.91307 -1.27056 -1.12786 1.58681 -1.66011 0.83663 1.52465 1.24768 -1.19183 3
0.90145 -1.09477 -1.03630 2.03269 -1.67759 0.76883 1.78302 1.41602 -1.07473 3
0.94792 -0.35865 -0.57848 2.21105 -0.40131 0.18123 2.15213 1.45810 -0.40145 3
1.06409 -0.30372 0.29136 1.16323 -0.34886 -0.42897 1.59847 1.16351 -0.43072 3
0.64587 -1.71003 0.61183 -0.12982 -1.20554 -0.97137 -0.54235 1.24768 -2.39203 3
0.72719 -1.72102 0.42871 0.09312 -1.19680 -0.94877 -0.50544 0.86891 -2.12857 3
0.76204 -1.63312 0.29136 -0.06294 -1.30170 -0.88097 -0.28398 1.45810 -1.57238 3
0.63425 -1.66608 -0.12067 -0.35276 -1.59892 -1.21997 -0.41317 1.12142 -2.04075 3
0.73881 -1.66608 0.29136 -0.28588 -1.44157 -0.92617 -0.09943 1.50019 -1.63093 3
1.16865 -0.13892 -0.02911 1.25240 -0.33138 0.63323 1.39546 1.03725 -0.16726 3
1.31968 -0.16089 0.15402 1.38617 -0.21774 0.58803 1.56156 1.03725 -0.22581 3
-0.50425 1.05864 0.93230 0.18229 2.32607 0.63323 -0.39471 -0.43574 0.15475 3
0.78528 -1.63312 -0.02911 -0.28588 -1.47653 -1.19737 -0.61618 1.12142 -2.04075 3
0.92469 -1.23760 0.38293 1.14093 -1.64262 -0.56457 0.67570 1.62644 -1.25037 3
0.87822 -0.99589 -1.26521 1.45305 -1.35415 0.67843 1.54310 1.20559 -1.10401 3
1.06409 -1.33648 0.24558 0.96258 -1.61640 -0.49677 0.63879 1.71062 -1.04546 3
1.06409 -1.63312 -0.34958 0.82882 -1.10064 0.15863 0.87871 1.45810 -0.40145 3
0.59940 -0.08399 0.24558 2.07728 -0.41006 1.04003 1.80148 0.99516 0.30111 3
0.70396 -1.83088 -0.30380 -0.35276 -1.28422 -1.10697 -0.41317 1.33185 -2.42131 3
0.77366 -1.78694 -0.16645 -0.35276 -1.15309 -1.01657 -0.28398 1.28976 -2.50913 3
0.95954 -1.80891 0.47449 0.04853 -2.14964 -0.92617 -0.32089 1.03725 -1.68947 3
0.80851 -0.94095 -1.03630 1.74287 -1.26673 0.63323 1.67229 1.50019 -0.81127 3
0.64587 -1.63312 0.19980 0.11541 -1.19680 -0.94877 -0.39471 1.12142 -1.80657 3
0.64587 -1.63312 -0.02911 -0.26359 -1.62514 -1.10697 -0.24707 1.33185 -1.86511 3
0.83175 -0.84207 -0.89895 1.98811 -1.61640 0.72363 1.45082 1.28976 -1.10401 3
0.55293 0.04786 0.15402 2.16646 -0.69853 0.94963 1.89375 1.12142 0.06693 3
1.12218 -0.25977 -0.12067 1.40846 -0.39257 0.67843 1.69074 1.07934 -0.16726 3
0.83175 -1.63312 -1.03630 -1.37828 -0.49747 -1.24257 -1.00374 0.70057 -1.22110 3
0.70396 -1.69904 0.42871 -0.04065 -1.10938 -1.10697 -0.61618 1.20559 -2.36276 3
0.73881 -1.64411 0.15402 0.13771 -1.28422 -0.97137 -0.30243 1.37393 -1.77729 3
0.79690 -1.57819 0.42871 0.04853 -1.28422 -0.94877 -0.26552 1.45810 -1.51383 3
0.73881 -1.66608 0.33714 -0.24129 -1.45905 -0.88097 -0.15479 1.50019 -1.57238 3
0.69234 -1.64411 0.33714 -0.24129 -1.53772 -1.21997 -0.08097 1.50019 -1.48456 3
0.92469 -1.55621 -0.99052 0.56129 -1.35415 0.15863 0.63879 0.99516 -0.89909 3
0.76204 -1.68806 -1.08208 0.49441 -1.34541 0.00043 0.50960 1.07934 -0.89909 3
0.84336 -0.91898 -1.21942 1.72058 -1.26673 0.65583 1.45082 1.41602 -1.04546 3
1.09895 -0.12793 -0.12067 1.31929 -0.36635 0.70103 1.67229 1.03725 -0.19653 3
0.76204 -1.77595 0.15402 -0.28588 -1.12687 -1.15217 -0.39471 1.12142 -2.39203 3
0.83175 -1.55621 -0.94474 0.67276 -1.26673 0.15863 0.52806 1.28976 -0.89909 3
0.56455 0.04786 0.15402 2.34481 -0.65482 1.01743 2.00449 1.16351 0.21329 3
-0.54059 1.11357 0.70340 -0.01835 1.74912 0.47503 -0.24707 -0.43574 0.24257 3
0.86660 -1.30352 -1.21942 1.34158 -1.65137 0.52023 1.34009 1.24768 -1.16255 3
0.85498 -1.29253 -1.21942 1.43076 -1.72130 0.61063 1.46928 1.20559 -1.30892 3
0.90145 -0.98490 -0.99052 2.23334 -1.55521 0.92703 1.87530 1.54227 -0.78200 3
0.85498 -1.28154 -1.17364 1.20782 -1.57269 0.38463 1.26627 1.24768 -1.07473 3
0.49484 0.04786 0.19980 2.50087 -0.36635 0.88183 2.02294 1.24768 -0.05017 3
1.13380 -0.21583 0.06246 1.47534 -0.44502 0.65583 1.91221 0.99516 -0.19653 3
-0.52023 1.10259 0.84074 0.13771 2.29985 0.54283 -0.26552 -0.39365 0.15475 3
0.54131 0.03687 0.01667 2.59004 -0.25271 1.01743 2.00449 1.37393 0.03765 3
0.99439 -0.13892 0.15402 2.21105 -0.68105 1.04003 2.17058 1.12142 -0.07944 4
0.95954 -2.17147 -1.58568 -1.22223 -0.83839 -1.51377 -0.74536 -0.18323 -2.80186 4
0.84336 -0.91898 -0.99052 1.94352 -1.63388 0.85923 1.65383 1.50019 -0.84055 4
1.33129 -1.44635 -0.48692 1.31929 -1.22303 -0.22557 0.63879 1.54227 -0.84055 4
0.95954 -1.63312 -0.21223 1.25240 -0.77720 0.38463 0.76798 1.50019 -0.69418 4
0.90145 -0.84207 -0.89895 2.12187 -1.38912 0.70103 1.74611 1.45810 -1.51383 4
-0.46791 1.09160 0.56605 -0.01835 1.62674 0.45243 -0.19170 -0.47782 0.24257 4
0.95954 -1.67707 -1.53990 -1.95793 -1.27548 -1.33297 -1.48358 0.19554 -1.22110 4
0.93630 -1.27056 -1.03630 1.23011 -1.52898 0.42983 1.34009 1.54227 -0.92837 4
0.64587 0.00391 -0.07489 2.38940 -0.13032 1.04003 1.96757 1.33185 0.09620 4
1.05248 -1.71003 -1.53990 0.20459 -1.38912 0.29423 0.67570 1.41602 -0.81127 4
0.65749 -1.44635 -1.12786 -1.77957 -1.22303 -1.37817 -1.00374 -0.56199 -1.54311 4
0.64587 -1.56720 0.33714 0.44982 -1.23177 -1.01657 -0.39471 1.33185 -2.15785 4
0.97116 -1.30352 -1.17364 0.85111 -1.51150 0.40723 1.19245 1.58436 -1.07473 4
1.04086 -0.92997 -0.89895 2.03269 -1.36289 0.65583 1.70920 1.54227 -1.45529 4
0.76204 -1.46832 -1.08208 -1.75728 -1.15309 -1.46857 -1.20675 -0.77242 -1.45529 4
1.22674 -1.53424 -0.76161 0.89570 -1.45031 0.18123 0.78643 2.00521 -1.36747 4
0.93630 -1.32549 -1.08208 1.00717 -1.50276 0.38463 1.30318 1.54227 -1.04546 4
0.98277 -1.47931 -1.03630 -1.69040 -1.11813 -1.51377 -1.37285 -0.30948 -1.10401 4
1.07571 -1.72102 -1.40255 0.27147 -1.39786 0.33943 0.71261 1.45810 -0.72345 4
1.18027 -1.50128 -1.21942 -1.71269 -1.20554 -1.67198 -1.52049 0.19554 -1.04546 4
0.95954 -1.64411 -1.53990 -1.93563 -1.36289 -1.33297 -1.42821 0.02720 -1.39674 4
0.90145 -1.64411 -1.17364 -1.46746 -0.69853 -1.24257 -0.98528 0.74265 -1.10401 4
0.22328 -0.65530 -1.76880 -1.17764 -0.39257 -1.28777 -1.37285 -0.68825 0.68167 4
1.30806 -1.40240 -0.53270 1.29699 -1.07442 -0.06737 1.04481 1.92104 -0.78200 4
0.14632 -0.29273 -1.99771 -0.75405 -0.73350 -1.08437 -0.69000 -0.09906 0.85731 4
0.40915 -0.52346 -2.13505 -1.08846 -0.61111 -1.28777 -1.18829 -0.51991 0.79876 4
0.40915 -0.51247 -2.18084 -1.04387 -0.53244 -1.19737 -1.31748 -0.60408 0.88658 4
1.00601 -1.55621 -1.35677 -1.91334 -1.33667 -1.28777 -1.31748 0.06929 -1.22110 4
-0.39096 1.14653 0.61183 -0.28588 1.25085 0.38463 -0.26552 -0.47782 -0.07944 4
-0.41131 1.08061 0.74918 -0.33047 1.24211 0.38463 -0.33935 -0.47782 -0.31363 4
-0.40118 1.15752 1.20699 -0.08523 1.25959 0.20383 0.19586 -0.47782 0.21329 4
-0.35471 1.14653 1.11543 -0.06294 1.25085 0.09083 0.26968 -0.43574 0.15475 4
-0.51150 1.22344 0.84074 0.24918 0.84000 0.33943 0.41732 -0.39365 -0.07944 4
0.06063 -0.35865 -1.99771 -0.66488 -0.22648 -1.10697 -0.80073 -0.43574 0.47675 4
0.33220 -0.67727 -1.95193 -1.02158 -0.51495 -1.12957 -1.55740 -0.73034 0.74021 4
1.01763 -1.05082 -1.08208 1.72058 -1.38038 0.63323 1.48774 1.20559 -1.60165 4
0.33945 -0.61135 -1.95193 -0.99929 -0.32264 -1.15217 -1.42821 -0.68825 0.97440 4
-0.40118 1.09160 0.70340 -0.26359 1.25085 0.40723 -0.33935 -0.47782 -0.22581 4
0.26975 -0.33668 -2.13505 -0.66488 -0.71601 -1.12957 -0.72691 -0.35157 0.94513 4
-0.32413 1.20147 1.16121 -0.06294 1.25085 0.18123 0.26968 -0.43574 0.21329 4
-0.48826 1.28936 0.65761 0.16000 0.97112 0.36203 0.30659 -0.43574 -0.10871 4
1.34291 -1.49029 -1.12786 -1.66810 -1.21428 -1.64938 -1.42821 0.86891 -0.57709 4
-0.36484 1.05864 0.65761 -0.08523 1.38198 0.45243 -0.15479 -0.43574 0.12547 4
0.06937 -0.41359 -1.99771 -0.59799 -0.18277 -1.19737 -0.83764 -0.30948 0.62312 4
0.87822 -1.64411 -1.44833 -1.60122 -0.84714 -1.33297 -1.05910 0.53223 -1.16255 4
-0.30239 1.20147 1.16121 -0.08523 1.26834 0.33943 0.36196 -0.35157 0.30111 4
-0.51150 1.27838 0.65761 0.33835 1.02357 0.36203 0.47269 -0.43574 0.35966 4
0.16231 0.01490 -0.57848 -1.04387 0.51656 -1.17477 -0.30243 -0.64617 0.38893 4
1.14542 -1.73200 -1.08208 0.67276 -1.38912 0.47503 0.86025 1.66853 -0.69418 4
-0.38519 1.23443 1.11543 -0.08523 1.26834 0.24903 0.39887 -0.39365 0.24257 4
0.32495 -0.67727 -1.90615 -0.99929 -0.55866 -1.12957 -1.48358 -0.60408 0.85731 4
-0.31252 1.11357 0.70340 -0.06294 1.47813 0.47503 -0.09943 -0.35157 0.00838 4
-0.32850 1.23443 1.11543 -0.08523 1.22463 0.27163 0.41732 -0.39365 0.27184 4
1.42423 -1.44635 -1.49411 -1.46746 -1.17932 -1.69458 -1.48358 0.86891 -1.04546 4
1.14542 -1.71003 -1.26521 0.62817 -1.39786 0.56543 0.93407 1.66853 -0.51854 4
-0.27190 1.25640 1.34434 -0.04065 1.29456 0.22643 0.10358 -0.43574 0.41821 4
-0.36484 1.15752 1.11543 0.27147 1.20714 0.42983 0.45423 -0.26740 0.21329 4
0.40915 -0.62234 -1.95193 -0.99929 -0.54118 -1.17477 -1.42821 -0.56199 0.79876 4
-0.17896 1.20147 1.20699 0.02624 1.30330 0.18123 0.10358 -0.35157 0.12547 4
-0.21958 1.19048 1.39012 -0.01835 1.32078 0.15863 0.08513 -0.30948 0.18402 4
-0.44179 1.20147 1.16121 0.16000 1.23337 0.38463 0.41732 -0.35157 0.18402 4
-0.45053 1.32232 0.70340 0.44982 1.07602 0.33943 0.76798 -0.43574 0.50603 4
-0.33872 1.12456 0.70340 -0.01835 1.65297 0.54283 -0.15479 -0.39365 0.12547 4
-0.25592 1.23443 1.16121 0.11541 1.34701 0.31683 0.15895 -0.35157 0.47675 4
-0.20508 1.17949 1.29855 0.02624 1.31204 0.11343 0.08513 -0.30948 0.30111 4
-0.40406 1.20147 0.97808 0.02624 1.24211 0.42983 0.52806 -0.39365 0.21329 4
-0.28789 1.13555 0.74918 -0.04065 1.58303 0.47503 -0.11788 -0.43574 -0.02089 4
-0.20508 1.21246 0.93230 0.11541 1.26834 0.36203 0.06667 -0.39365 0.18402 4
-0.26605 1.21246 1.02387 0.09312 1.24211 0.31683 0.06667 -0.39365 0.35966 4
-0.44179 1.38824 0.84074 0.42753 1.14595 0.38463 0.76798 -0.35157 0.50603 4
0.16231 -0.31471 -1.95193 -0.64258 -0.06913 -1.17477 -0.78227 -0.09906 0.65239 4
-0.21958 1.10259 0.79496 -0.21900 1.29456 0.40723 -0.26552 -0.39365 -0.16726 4
-0.21958 1.21246 0.97808 0.20459 1.25085 0.33943 0.10358 -0.30948 0.33039 4
-0.21958 1.27838 1.34434 0.11541 1.35575 0.22643 0.15895 -0.30948 0.38893 4
-0.33436 1.22344 1.02387 0.49441 1.03231 0.52023 0.58342 -0.30948 0.24257 4
0.05338 -0.07300 -0.62427 -1.22223 0.47285 -1.40077 -0.32089 -0.77242 0.06693 4
0.23201 -0.05102 -0.71583 -0.97699 0.14067 -1.26517 -0.74536 -0.85659 0.65239 4
0.50209 -0.53444 -1.76880 -1.17764 -0.44502 -1.42337 -1.50203 -0.68825 1.35495 4
0.19279 -0.02905 -0.57848 -0.95470 0.13192 -1.24257 -0.76382 -0.73034 0.38893 4
0.13034 -0.30372 -1.90615 -0.66488 -0.06913 -1.15217 -0.59772 -0.05697 0.79876 4
0.49484 -0.52346 -1.81458 -1.17764 -0.44502 -1.42337 -1.42821 -0.60408 1.47205 4
0.40915 -0.61135 -1.99771 -0.99929 -0.49747 -1.17477 -1.15138 -0.43574 0.62312 4
1.30806 -1.24858 -1.31099 -1.48975 -1.29296 -1.58158 -1.28057 0.74265 -0.86982 4
0.09985 0.20167 -1.26521 -0.73176 -0.04291 -1.21997 -0.50544 -0.56199 0.97440 4
0.20878 -0.24879 -1.31099 -0.53111 0.14941 -1.17477 -0.46853 -0.26740 0.85731 4
0.26975 -0.02905 -0.85317 -0.97699 0.13192 -1.26517 -0.76382 -0.85659 0.74021 4
0.18554 -0.21583 -1.21942 -0.41964 0.14941 -1.08437 -0.57927 -0.26740 0.91585 4
0.09261 -0.06201 -0.57848 -0.99929 0.46411 -1.46857 -0.21016 -0.81451 0.03765 4
0.15357 -0.22681 -1.26521 -0.37505 0.09696 -1.10697 -0.59772 -0.47782 0.88658 4
0.50209 -0.55642 -1.90615 -1.04387 -0.43628 -1.42337 -1.33593 -0.77242 1.29641 4
-0.39532 1.08061 0.70340 0.09312 1.64422 0.47503 -0.11788 -0.51991 0.21329 4
-0.31837 1.19048 1.11543 0.42753 1.15469 0.54283 0.49115 -0.18323 0.44748 4
0.17681 -0.04004 -0.57848 -0.88782 0.18437 -1.17477 -0.57927 -0.73034 0.30111 4
-0.15285 1.10259 0.79496 -0.04065 1.25959 0.38463 -0.21016 -0.35157 -0.05017 4
0.02290 0.19068 -1.12786 -0.93240 0.00080 -1.15217 -0.56081 -0.09906 1.17931 4
0.03740 0.13575 -1.40255 -0.93240 -0.05165 -1.28777 -0.69000 -0.26740 1.06222 4
1.54041 -1.40240 -1.40255 -1.46746 -1.26673 -1.64938 -1.52049 0.95308 -0.95764 4
-0.40406 1.38824 0.88652 0.47212 1.20714 0.40723 0.93407 -0.43574 0.50603 4
-0.07877 0.75101 0.15402 0.73964 0.43788 -0.58717 1.58001 0.61640 0.53530 4
0.17681 0.00391 -0.57848 -0.97699 0.32424 -1.24257 -0.35780 -0.73034 0.30111 4
0.19279 0.05884 -0.99052 -0.91011 0.07948 -1.26517 -0.48699 -0.73034 1.17931 4
0.19279 -0.20484 -1.17364 -0.46423 0.04451 -1.17477 -0.59772 -0.39365 0.97440 4
0.11584 0.00391 -0.53270 -1.04387 0.42914 -1.35557 -0.30243 -0.81451 0.30111 4
0.09261 0.14674 -1.12786 -0.48652 0.00954 -1.26517 -0.56081 -0.26740 1.03295 4
0.24651 -0.21583 -1.58568 -0.53111 0.09696 -1.06177 -0.35780 0.19554 0.97440 4
-0.38807 1.39923 1.06965 0.40523 1.25085 0.33943 0.87871 -0.39365 0.62312 4
0.03015 1.01469 0.29136 0.47212 0.61271 -0.47417 1.56156 -0.30948 0.30111 4
0.03740 0.80594 0.10824 0.80653 0.43788 -0.56457 1.76457 0.57431 0.59385 4
1.40100 -1.34747 -1.35677 -1.51205 -1.24925 -1.60418 -1.39130 0.91099 -0.92837 4
-0.35759 1.41022 1.29855 0.29376 1.18092 0.49763 0.86025 -0.35157 0.85731 4
0.09985 0.91581 0.24558 0.87341 0.55152 -0.49677 1.46928 -0.01488 0.62312 4
-0.00907 0.77298 0.10824 0.49441 0.60397 -0.94877 1.54310 -0.01488 0.71094 4
-0.09327 0.72904 -0.07489 0.44982 0.51656 -0.97137 1.37700 0.06929 0.62312 4
-0.28789 1.26739 0.56605 0.53900 0.86622 0.24903 1.26627 -0.26740 0.76949 4
-0.03955 0.75101 -0.12067 0.62817 0.54278 -0.79057 1.48774 0.32180 0.62312 4
-0.04680 0.79496 -0.16645 0.60588 0.55152 -0.83577 1.65383 0.32180 0.62312 4
0.12309 0.12476 -0.94474 -0.95470 0.07948 -1.19737 -0.19170 -0.60408 1.17931 4
0.13034 0.23463 -0.94474 -0.95470 0.05325 -1.01657 -0.26552 -0.26740 1.23786 4
-0.38807 1.43219 1.02387 0.42753 1.28582 0.45243 0.93407 -0.39365 0.44748 4
0.57180 -0.54543 -1.76880 -0.82093 -0.39257 -1.28777 -1.40976 -0.81451 1.29641 5
-0.19495 1.20147 0.52027 0.62817 0.79629 0.18123 1.06326 -0.35157 0.82803 5
-0.25592 1.19048 0.38293 0.53900 0.76132 0.09083 1.13708 -0.26740 0.76949 5
0.04614 0.84989 0.10824 0.80653 0.46411 -0.54197 1.65383 1.28976 0.62312 5
-0.13249 0.72904 -0.02911 0.47212 0.53404 -0.94877 1.50619 0.27971 0.62312 5
-0.41131 1.21246 0.38293 0.36065 0.84874 0.22643 1.08172 -0.09906 1.12077 5
0.14632 0.88285 0.24558 0.73964 0.53404 -0.42897 1.50619 0.06929 0.65239 5
0.12309 0.10279 -0.94474 -0.99929 0.04451 -1.19737 -0.30243 -0.77242 1.20859 5
0.06937 0.05884 -1.21942 -0.24129 0.06199 -1.19737 -0.17325 -0.01488 1.20859 5
-0.28789 1.23443 0.38293 0.58359 0.88370 0.22643 1.06326 -0.18323 0.94513 5
0.26975 -0.14991 -1.12786 -0.26359 0.09696 -1.10697 -0.50544 -0.22531 1.20859 5
-0.36484 1.30035 0.84074 0.49441 0.94490 0.27163 1.10017 -0.18323 1.06222 5
-0.22543 1.21246 0.52027 0.60588 0.90993 0.27163 1.21090 -0.14114 1.00367 5
-0.41856 1.24542 0.42871 0.40523 0.84874 0.24903 1.06326 -0.18323 0.97440 5
-0.24142 1.33331 0.47449 0.47212 0.83125 0.24903 1.32164 -0.18323 0.88658 5
0.15357 0.08082 -1.21942 -0.17441 0.02703 -1.19737 -0.17325 0.15346 1.20859 5
-0.29514 1.30035 1.29855 0.11541 0.73510 0.24903 0.71261 -0.30948 0.94513 5
-0.05554 0.70706 -0.12067 0.44982 0.54278 -0.97137 1.46928 0.36388 0.68167 5
0.06937 0.44338 -0.21223 -0.24129 0.59523 -0.94877 0.69415 -0.14114 0.62312 5
0.30897 0.01490 -1.31099 0.09312 0.12318 -1.12957 -0.35780 -0.26740 1.17931 5
0.62700 -0.56740 -1.58568 -0.28588 -0.25271 -1.26517 -1.31748 -0.56199 1.41350 5
-0.04680 0.58621 -0.16645 0.09312 0.57775 -0.99397 0.89716 -0.01488 0.68167 5
0.65749 -0.58938 -1.63146 -0.73176 -0.34012 -1.31037 -1.33593 -0.51991 1.35495 5
-0.37209 1.35528 1.39012 0.13771 0.77880 0.47503 0.74952 -0.30948 1.03295 5
-0.27190 1.20147 1.11543 0.13771 0.80503 0.29423 0.71261 -0.22531 1.00367 5
-0.16298 1.23443 0.47449 1.02946 0.69139 0.00043 1.37700 0.06929 0.85731 5
0.04614 0.90483 0.29136 0.85111 0.51656 -0.49677 1.83839 0.36388 0.76949 5
0.73444 -0.74319 -1.86037 -0.84323 -0.92581 -1.60418 -1.15138 0.23763 0.59385 5
-0.30239 1.15752 0.88652 0.51670 0.84000 0.18123 1.04481 -0.14114 0.97440 5
0.36269 0.16871 -1.08208 0.16000 0.14941 -1.12957 0.04822 -0.14114 1.53059 5
-0.29514 1.19048 1.11543 0.16000 0.86622 0.29423 0.76798 -0.18323 0.97440 5
-0.27915 1.26739 0.84074 0.56129 0.97112 0.31683 1.26627 -0.14114 1.03295 5
-0.20945 1.23443 0.52027 0.85111 0.69139 0.09083 1.39546 -0.01488 0.91585 5
0.10710 0.95976 0.33714 1.09635 0.54278 -0.47417 1.80148 0.15346 0.74021 5
0.37867 0.19068 -0.99052 -0.01835 0.17563 -1.10697 -0.09943 0.02720 1.64769 5
-0.27190 1.25640 1.25277 0.07082 0.79629 0.29423 0.74952 -0.26740 1.03295 5
-0.20945 1.33331 0.52027 0.71735 0.86622 0.24903 1.30318 -0.09906 0.88658 5
-0.04680 1.15752 0.84074 0.73964 0.82251 -0.06737 1.11863 0.36388 0.74021 5
-0.34161 1.15752 1.02387 0.29376 0.87496 0.15863 0.97098 -0.18323 1.00367 5
0.09985 0.95976 0.33714 1.00717 0.55152 -0.54197 2.11522 0.44805 0.74021 5
-0.08602 1.19048 0.74918 0.98488 0.77880 -0.08997 1.30318 0.11137 0.76949 5
-0.17171 1.13555 0.65761 0.78423 0.83125 -0.06737 1.15554 0.32180 0.62312 5
-0.08602 1.16851 0.88652 0.78423 0.84874 -0.08997 1.22936 0.40597 0.68167 5
0.03015 1.23443 0.70340 1.07405 0.68265 -0.20297 1.22936 0.15346 0.59385 5
-0.10926 1.19048 0.56605 0.76194 0.74384 0.15863 1.35855 -0.14114 0.94513 5
0.07662 1.14653 1.02387 0.87341 0.81377 -0.08997 1.21090 0.44805 0.79876 5
0.09985 1.17949 0.84074 0.94029 0.82251 -0.15777 1.24782 0.32180 0.79876 5
0.12309 1.20147 0.88652 0.94029 0.82251 -0.15777 1.19245 0.27971 0.71094 5
0.06937 1.15752 0.79496 0.89570 0.78755 -0.20297 1.15554 0.15346 0.65239 5
0.04614 1.19048 0.70340 0.96258 0.72635 -0.31597 1.17399 0.15346 0.59385 5
0.00692 1.24542 0.70340 1.31929 0.66516 -0.20297 1.26627 0.02720 0.53530 5
0.27848 1.31134 0.42871 1.18552 0.67391 -0.36117 1.89375 0.40597 0.85731 5
0.81288 -0.67727 -1.86037 -0.73176 -0.68105 -1.51377 -1.07756 0.32180 0.68167 5
-0.13249 1.23443 0.52027 1.16323 0.70887 0.02303 1.37700 0.11137 0.91585 5
0.10710 1.17949 1.02387 0.96258 0.79629 -0.08997 1.19245 0.44805 0.76949 5
-0.01632 1.25640 0.70340 1.36387 0.61271 -0.22557 1.37700 0.06929 0.68167 5
0.80414 -0.63332 -1.86037 -0.86552 -0.75972 -1.53638 -0.91146 0.15346 0.53530 5
0.80414 -0.64431 -1.86037 -0.82093 -0.68979 -1.46857 -0.98528 0.23763 0.59385 5
-0.11651 1.23443 0.79496 0.85111 0.77006 -0.08997 1.22936 0.23763 0.76949 5
-0.02357 1.17949 0.88652 0.78423 0.83125 -0.08997 1.13708 0.57431 0.85731 5
0.81288 -0.65530 -1.86037 -0.82093 -0.67230 -1.44597 -0.83764 0.23763 0.59385 5
0.79690 -0.53444 -1.53990 -0.66488 -0.28767 -1.35557 -1.18829 -0.30948 1.47205 5
-0.07877 1.14653 0.65761 0.82882 0.79629 -0.13517 1.19245 0.40597 0.82803 5
0.90582 -0.56740 -1.31099 -0.62029 -0.30516 -1.46857 -1.00374 -0.35157 1.64769 5
0.88983 -0.55642 -1.17364 -0.53111 -0.38383 -1.40077 -1.18829 -0.35157 1.44277 5
0.09985 1.25640 0.70340 1.27470 0.74384 -0.45157 1.91221 0.44805 0.85731 5
0.89708 -0.61135 -0.99052 -0.59799 -0.38383 -1.69458 -1.07756 -0.35157 1.41350 5
0.01416 1.17949 1.20699 1.00717 0.82251 -0.06737 1.21090 0.57431 0.85731 5
0.11584 1.32232 0.65761 1.31929 0.67391 -0.51937 1.74611 0.36388 0.79876 5
0.11584 1.30035 0.65761 1.27470 0.70013 -0.42897 1.74611 0.40597 0.79876 5
0.09261 1.26739 0.61183 1.27470 0.70887 -0.45157 2.00449 0.49014 0.97440 5
0.17681 1.28936 0.65761 1.40846 0.66516 -0.29337 1.52465 0.36388 0.79876 5
0.98277 -0.44655 -0.89895 -0.28588 -0.33138 -1.58158 -0.96683 -0.18323 1.55987 5
-0.03230 1.25640 0.47449 1.09635 0.80503 0.04563 1.48774 0.19554 0.97440 5
0.99002 -0.58938 -1.17364 -0.59799 -0.27019 -1.53638 -0.78227 -0.35157 1.58914 5
0.16231 1.30035 0.61183 1.31929 0.67391 -0.36117 1.70920 0.40597 0.76949 5
1.01326 -0.55642 -1.17364 -0.55341 -0.38383 -1.49117 -1.09602 -0.35157 1.41350 5
0.93630 -0.58938 -1.08208 -0.59799 -0.26145 -1.64938 -0.81918 -0.39365 1.55987 5
1.30081 -0.82010 -1.44833 -0.39735 -1.08316 -1.08437 -0.87455 0.86891 1.29641 5
1.54041 -0.84207 -1.21942 -0.41964 -1.03945 -1.19737 -1.39130 1.12142 1.26713 5
-0.02357 1.21246 0.56605 1.05176 0.79629 -0.02217 1.37700 0.23763 0.79876 5
1.01326 -0.57839 -0.94474 -0.50882 -0.34886 -1.64938 -0.91146 -0.26740 1.64769 5
0.99002 -0.47951 -0.85317 -0.39735 -0.34012 -1.64938 -1.04065 -0.26740 1.58914 5
0.90582 -0.57839 -1.31099 -0.46423 -0.30516 -1.33297 -0.78227 0.27971 0.79876 5
1.04523 -0.87503 -1.76880 -0.30817 -0.90833 -1.24257 -0.92992 0.61640 1.09149 5
0.94355 -0.53444 -1.12786 -0.33047 -0.30516 -1.28777 -0.85610 -0.26740 1.20859 5
1.21512 -0.85306 -1.63146 -0.26359 -1.11813 -1.19737 -0.92992 0.70057 1.35495 5
2.05157 -0.99589 -0.94474 -0.97699 -1.18806 -1.12957 -1.42821 1.33185 0.68167 5
2.19098 -1.06181 -0.85317 -0.86552 -1.21428 -1.08437 -1.44667 1.28976 0.79876 5
0.99876 -0.57839 -1.31099 -0.26359 -0.27893 -1.33297 -0.81918 0.23763 0.91585 5
1.95863 -1.03984 -0.34958 -0.46423 -1.74752 -0.94877 -1.20675 1.41602 0.65239 5
1.97025 -1.05082 -0.25801 -0.53111 -1.59017 -1.06177 -1.29902 1.45810 0.33039 5
2.09804 -1.03984 -0.89895 -0.88782 -1.22303 -1.12957 -1.37285 1.45810 0.44748 5
1.01326 -0.56740 -1.31099 -0.35276 -0.34012 -1.40077 -0.76382 0.11137 1.06222 5
0.95954 -0.54543 -0.80739 -0.35276 -0.33138 -1.67198 -0.98528 -0.30948 1.61841 5
1.59412 -0.84207 -1.35677 -0.59799 -1.03945 -1.15217 -1.15138 1.07934 1.29641 5
1.93540 -0.98490 -0.85317 -0.46423 -1.79123 -1.01657 -1.26211 1.28976 0.74021 5
2.02834 -1.03984 -0.34958 -0.66488 -1.52898 -1.01657 -1.33593 1.45810 0.21329 5
1.30806 -0.89701 -1.72302 -0.12982 -0.90833 -1.19737 -0.87455 0.70057 1.58914 5
1.58688 -0.69925 -1.08208 -0.48652 -1.04819 -1.17477 -0.91146 1.45810 1.26713 5
1.80761 -0.91898 -0.80739 -0.37505 -1.84368 -0.94877 -1.20675 1.20559 1.03295 5
1.83084 -1.03984 -0.89895 -0.64258 -1.81746 -1.06177 -1.26211 1.24768 0.68167 5
2.08642 -0.96293 -0.80739 -0.91011 -1.17932 -1.12957 -1.31748 1.45810 0.53530 5
1.91216 -0.71023 -1.03630 -0.39735 -1.09190 -1.12957 -0.94837 1.41602 1.35495 5
1.65658 -1.51227 -0.94474 -1.31140 -1.24925 -1.78498 -1.87114 1.12142 -0.34290 5
1.95863 -0.77615 -1.08208 -0.01835 -1.58143 -0.94877 -0.87455 1.37393 1.29641 5
2.15613 -1.08378 -0.99052 -0.66488 -1.11813 -1.10697 -1.04065 1.62644 0.68167 5
1.88893 -1.22661 -1.44833 -0.97699 -1.30170 -1.40077 -1.59431 1.07934 -0.34290 5
1.97025 -1.27056 -1.44833 -0.97699 -1.27548 -1.55898 -1.79732 0.99516 -0.40145 5
1.84246 -1.51227 -1.08208 -1.28911 -1.22303 -1.76238 -1.81577 1.12142 -0.10871 5
1.76114 -1.17168 -1.63146 -0.99929 -1.34541 -1.28777 -1.42821 1.20559 0.00838 5
1.94701 -0.71023 -0.94474 -0.15212 -1.17058 -1.08437 -0.92992 1.45810 1.53059 5
1.92378 -1.51227 -0.99052 -1.22223 -1.26673 -1.80758 -1.74195 1.12142 -0.13799 5
2.02834 -0.72122 -1.08208 -0.28588 -1.28422 -1.03917 -0.92992 1.54227 1.44277 5
1.87731 -0.83109 -1.03630 0.04853 -1.49402 -0.79057 -0.87455 1.41602 1.15004 5
1.66820 -1.18266 -1.67724 -0.97699 -1.36289 -1.28777 -1.29902 1.41602 -0.31363 5
1.82647 -0.75418 -1.08208 -0.39735 -1.03071 -1.15217 -1.20675 1.37393 1.35495 5
2.00510 -1.09477 -1.26521 -0.75405 -1.24925 -0.99397 -1.02219 1.66853 0.33039 5
1.86569 -1.07280 -1.44833 -0.79864 -1.30170 -1.12957 -1.05910 1.58436 0.24257 5
2.07480 -1.08378 -1.17364 -0.66488 -1.37163 -1.10697 -1.18829 1.62644 0.62312 5
