   1.0000000e-01   1.0000000e-01   4.6934901e+01   2.2858900e-01   2.7522000e-02   2.2858900e-01   2.7522000e-02
   9.7142857e-02   9.7142857e-02   4.3196651e+01   1.7864900e-01   1.9558000e-02   1.7864900e-01   1.9558000e-02
   9.4285714e-02   9.4285714e-02   4.5620235e+01   1.4555800e-01   1.8184000e-02   1.4555800e-01   1.8184000e-02
   9.4285714e-02   9.4285714e-02   4.1199992e+01   2.0651600e-01   1.8626000e-02   2.0651600e-01   1.8626000e-02
   9.7142857e-02   9.7142857e-02   4.1448622e+01   1.7853800e-01   1.8202000e-02   1.7853800e-01   1.8202000e-02
   9.7142857e-02   9.7142857e-02   4.2228065e+01   1.5549400e-01   2.0057000e-02   1.5549400e-01   2.0057000e-02
   1.2571429e-01   1.0000000e-01   4.4386937e+01   1.7347100e-01   1.8110000e-02   6.3546000e-02   1.9289000e-02
   1.0285714e-01   9.1428571e-02   4.0965058e+01   1.5576100e-01   1.8436000e-02   1.7388300e-01   1.8305000e-02
   1.1714286e-01   1.1714286e-01   3.9907497e+01   2.0321000e-01   1.8234000e-02   2.0321000e-01   1.8234000e-02
   1.2857143e-01   1.2857143e-01   4.0406346e+01   2.0482300e-01   1.8347000e-02   2.0482300e-01   1.8347000e-02
   1.1142857e-01   1.1142857e-01   4.0280796e+01   1.8081200e-01   1.7805000e-02   1.8081200e-01   1.7805000e-02
   9.1428571e-02   9.1428571e-02   3.9370686e+01   1.7003000e-01   1.8350000e-02   1.7003000e-01   1.8350000e-02
   1.0857143e-01   1.0857143e-01   3.9263946e+01   2.0000200e-01   1.7631000e-02   2.0000200e-01   1.7631000e-02
   1.2000000e-01   1.2000000e-01   3.9368207e+01   7.1559000e-02   1.8108000e-02   7.1559000e-02   1.8108000e-02
   1.2571429e-01   1.2571429e-01   3.9185895e+01   2.1604000e-01   2.1750000e-02   2.1604000e-01   2.1750000e-02
   1.0857143e-01   1.0857143e-01   3.9219304e+01   1.5568700e-01   1.7960000e-02   1.5568700e-01   1.7960000e-02
   1.0285714e-01   1.0285714e-01   3.8789228e+01   2.0773400e-01   1.8172000e-02   2.0773400e-01   1.8172000e-02
   1.2857143e-01   1.2857143e-01   3.9767826e+01   2.0852800e-01   1.9539000e-02   2.0852800e-01   1.9539000e-02
   8.8571429e-02   8.8571429e-02   4.0264905e+01   1.9300600e-01   1.7115000e-02   1.9300600e-01   1.7115000e-02
   1.1428571e-01   1.1428571e-01   3.9953292e+01   1.5636200e-01   1.7962000e-02   1.5636200e-01   1.7962000e-02
