>> Demo
1 0.228589 0.100000 0.100000
1 0.228589 0.100000 0.100000
2 0.178649 0.097143 0.097143
2 0.178649 0.097143 0.097143
3 0.145558 0.094286 0.094286
3 0.145558 0.094286 0.094286
4 0.206516 0.094286 0.094286
4 0.206516 0.094286 0.094286
5 0.178538 0.097143 0.097143
5 0.178538 0.097143 0.097143
6 0.155494 0.097143 0.097143
6 0.155494 0.097143 0.097143
7 0.173471 0.125714 0.125714
7 0.063546 0.100000 0.100000
8 0.155761 0.102857 0.102857
8 0.173883 0.091429 0.091429
9 0.203210 0.117143 0.117143
9 0.203210 0.117143 0.117143
10 0.204823 0.128571 0.128571
10 0.204823 0.128571 0.128571
11 0.180812 0.111429 0.111429
11 0.180812 0.111429 0.111429
12 0.170030 0.091429 0.091429
12 0.170030 0.091429 0.091429
13 0.200002 0.108571 0.108571
13 0.200002 0.108571 0.108571
14 0.071559 0.120000 0.120000
14 0.071559 0.120000 0.120000
15 0.216040 0.125714 0.125714
15 0.216040 0.125714 0.125714
16 0.155687 0.108571 0.108571
16 0.155687 0.108571 0.108571
17 0.207734 0.102857 0.102857
17 0.207734 0.102857 0.102857
18 0.208528 0.128571 0.128571
18 0.208528 0.128571 0.128571
19 0.193006 0.088571 0.088571
19 0.193006 0.088571 0.088571
20 0.156362 0.114286 0.114286
20 0.156362 0.114286 0.114286

ans =

    0.1077    0.1059   41.0879    0.1795    0.0190    0.1749    0.0190